     % cumulative       self      total   name
 28.70      28.70      31248      41256   _write
 19.72      48.42      21475      89017   mini_vpprintf
 18.34      66.76      19968      61224   __puts_uart
 12.19      78.95      13272      13272   clear_bss_w
  9.19      88.14      10008      10008   send_byte_uart0
  2.61      90.76       2844       2844   __udivsi3
  2.14      92.89       2325       5041   mini_itoa
  1.10      93.99       1200      90217   mini_printf
  0.95      94.94       1032       1032   strcpy
  0.86      95.80        931      95544   main
  0.71      96.51        777        777   mini_pad
  0.52      97.03        570        940   Proc_1
  0.52      97.56        570        570   strcmp
  0.46      98.02        500        500   mini_strlen
  0.26      98.27        280        900   Func_2
  0.23      98.50        250        250   Proc_8
  0.19      98.69        204       1516   __umodsi3
  0.18      98.87        200        230   Proc_6
  0.18      99.05        198        250   _malloc_r
  0.18      99.23        194        338   __udivdi3
  0.14      99.37        150        150   Func_1
  0.11      99.48        120        120   Proc_7
  0.09      99.57        100        100   Proc_3
  0.09      99.66        100        100   Proc_4
  0.08      99.75         90         90   Proc_2
  0.04      99.79         42         42   _start
  0.04      99.82         40         40   Proc_5
  0.03      99.85         32         32   __mulsi3
  0.03      99.88         30         30   Func_3
  0.03      99.91         30         48   _sbrk_r
  0.02      99.93         20         20   __divsi3
  0.02      99.94         20         20   __libc_init_array
  0.02      99.96         20        368   time_s
  0.02      99.98         18         18   _sbrk
  0.01      99.99         10         10   get_cpu_time
  0.01      99.99          6          6   malloc
  0.00     100.00          2          2   __malloc_lock
  0.00     100.00          2          2   __malloc_unlock
  0.00     100.00          1      95545   call_main
  0.00     100.00          1          1   clear_bss_b
  0.00     100.00          1         21   done_bss
