     % cumulative       self      total   name
 20.22      20.22    6880172    6880172   strcpy
 15.05      35.27    5120331   34016085   main
 13.40      48.67    4560000    7520000   Proc_1
 13.40      62.07    4560000    4560000   strcmp
  6.58      68.65    2240000    7200000   Func_2
  5.88      74.53    2000000    2000000   Proc_8
  5.19      79.71    1765316    1765316   __udivsi3
  4.70      84.41    1600000    1840000   Proc_6
  3.53      87.94    1200000    1200000   Func_1
  2.82      90.76     960000     960000   Proc_7
  2.35      93.11     800000     800000   Proc_3
  2.35      95.46     800000     800000   Proc_4
  2.12      97.58     720000     720000   Proc_2
  0.94      98.52     320000     320000   Proc_5
  0.71      99.23     240000     240000   Func_3
  0.47      99.70     160000     160000   __divsi3
  0.09      99.79      31432      41548   _write
  0.06      99.85      21685      91915   mini_vpprintf
  0.06      99.91      20059      61607   __puts_uart
  0.04      99.95      13272      13272   clear_bss_w
  0.03      99.98      10116      10116   send_byte_uart0
  0.01      99.99       2634       7250   mini_itoa
  0.00      99.99       1240      93155   mini_printf
  0.00      99.99        873        873   mini_pad
  0.00      99.99        547        547   __mulsi3
  0.00     100.00        500        500   mini_strlen
  0.00     100.00        268       2926   __umodsi3
  0.00     100.00        236       1200   __divsf3
  0.00     100.00        198        250   _malloc_r
  0.00     100.00        194        469   __udivdi3
  0.00     100.00        113        389   __mulsf3
  0.00     100.00         42         42   _start
  0.00     100.00         38         38   __fixsfsi
  0.00     100.00         31         45   __floatsisf
  0.00     100.00         30         48   _sbrk_r
  0.00     100.00         20         20   __libc_init_array
  0.00     100.00         20        499   time_s
  0.00     100.00         18         18   _sbrk
  0.00     100.00         14         14   __clzsi2
  0.00     100.00         10         10   get_cpu_time
  0.00     100.00          6          6   malloc
  0.00     100.00          2          2   __malloc_lock
  0.00     100.00          2          2   __malloc_unlock
  0.00     100.00          1   34016086   call_main
  0.00     100.00          1          1   clear_bss_b
  0.00     100.00          1         21   done_bss
